Sml_f.met = 0.03983707040056192;

Med_f.met = 0.017549368526009995;

Sml_p.met = 0.03983707040056192;

% Test new consumption rates

Med_p.met = 0.017549368526009995;
Lrg_p.met = 0.008662794702945285;
Sml_d.met = 0.03983707040056192;
Med_d.met = 0.017549368526009995;
Lrg_p.td = 0.6666666666666666;
Med_d.td = 0.5;
Sml_f.enc_zm = 0.056246807943889116;
Sml_p.enc_zm = 0.056246807943889116;
Sml_d.enc_d  = 1.1615590990689133e-6;
Med_f.enc_zl = 0.0013356065222719059;
Med_f.enc_zm = 0.0006903477046934407;
Med_p.enc_f  = 1.4256447382897658e-8;
Med_p.enc_p  = 1.4256447382897658e-8;
Med_d.enc_d  = 1.4256447382897658e-8;
Lrg_p.enc_f  = 4.6660571329057905e-11;
Lrg_p.enc_p  = 4.6660571329057905e-11;
Lrg_p.enc_d  = 2.3330285664528956e-11;
ENVR.Zm = 0.4842354382913072;
ENVR.Zl = 0.9368438618685104;
BENT.bio = 1.0e-5;
Sml_f.bio = 1.0e-5;
Sml_p.bio = 1.0e-5;
Sml_d.bio = 1.0e-5;
Med_d.bio = 1.0e-5;
Med_p.bio = 1.0e-5;
Med_f.bio = 1.0e-5;
Lrg_p.bio = 1.0e-5;







